Test Accuracy: 95.32%

Confusion Matrix:
2006, 0, 0, 0, 0, 0, 0, 0
1, 496, 99, 0, 8, 8, 0, 5
3, 0, 2714, 0, 1, 0, 0, 0
40, 0, 2, 1275, 10, 50, 0, 284
1, 0, 0, 0, 677, 0, 0, 0
0, 0, 0, 0, 0, 1404, 0, 0
0, 0, 0, 0, 0, 0, 1565, 0
6, 0, 0, 0, 25, 1, 0, 955

Classification Report:
              precision    recall  f1-score   support

           0       0.98      1.00      0.99      2006
           1       1.00      0.80      0.89       617
           2       0.96      1.00      0.98      2718
           3       1.00      0.77      0.87      1661
           4       0.94      1.00      0.97       678
           5       0.96      1.00      0.98      1404
           6       1.00      1.00      1.00      1565
           7       0.77      0.97      0.86       987

    accuracy                           0.95     11636
   macro avg       0.95      0.94      0.94     11636
weighted avg       0.96      0.95      0.95     11636
