Test Accuracy: 70.00%

Confusion Matrix:
300, 50, 30, 30, 20,  0,  0,  0  
10, 90, 10,  0,  0, 12,  0, 10  
20, 30, 410, 20, 25, 30, 30, 17  
10, 10, 10, 260, 20, 15,  5, 26  
5,   5,  5,  5,100, 10,  5, 10  
10, 20, 10, 10, 10,210, 20, 11  
15, 10, 15, 10, 10, 20,240, 16  
10,  5, 10,  5, 10, 10, 22,140

Classification Report:
              precision    recall  f1-score   support

           0       0.79      0.70      0.74       430
           1       0.41      0.68      0.51       132
           2       0.82      0.71      0.76       582
           3       0.77      0.73      0.75       356
           4       0.51      0.69      0.59       145
           5       0.68      0.70      0.69       301
           6       0.75      0.71      0.73       336
           7       0.61      0.66      0.63       212

    accuracy                           0.70      2494
   macro avg       0.67      0.70      0.68      2494
weighted avg       0.74      0.70      0.70      2494

