Test Accuracy: 52.12%

Confusion Matrix:
224,  40,  50,  30, 20, 20, 20, 26  
10,   70,   5,  10, 10, 10, 10,  7  
20,   20, 303,  20, 30, 60, 80, 49  
15,   10,  15,185,  5, 25, 30, 71  
5,     5,  10,  5,75,  5, 10, 30  
10,   15,  10,  10, 10,157, 20, 69  
15,    5,  10,  10, 20, 15,175, 86  
10,   10,  10,  10, 20, 20, 22,110

Classification Report:
              precision    recall  f1-score   support

           0       0.73      0.52      0.61       430
           1       0.40      0.53      0.46       132
           2       0.73      0.52      0.61       582
           3       0.66      0.52      0.58       356
           4       0.40      0.52      0.45       145
           5       0.50      0.52      0.51       301
           6       0.48      0.52      0.50       336
           7       0.25      0.52      0.33       212

    accuracy                           0.52      2494
   macro avg       0.51      0.52      0.52      2494
weighted avg       0.56      0.52      0.52      2494


