Test Accuracy: 14.27%

Confusion Matrix:
0, 0, 0, 430, 0, 0, 0, 0
0, 0, 0, 132, 0, 0, 0, 0
0, 0, 0, 582, 0, 0, 0, 0
0, 0, 0, 356, 0, 0, 0, 0
0, 0, 0, 145, 0, 0, 0, 0
0, 0, 0, 301, 0, 0, 0, 0
0, 0, 0, 336, 0, 0, 0, 0
0, 0, 0, 212, 0, 0, 0, 0

Classification Report:
              precision    recall  f1-score   support

           0       0.00      0.00      0.00       430
           1       0.00      0.00      0.00       132
           2       0.00      0.00      0.00       582
           3       0.14      1.00      0.25       356
           4       0.00      0.00      0.00       145
           5       0.00      0.00      0.00       301
           6       0.00      0.00      0.00       336
           7       0.00      0.00      0.00       212

    accuracy                           0.14      2494
   macro avg       0.02      0.12      0.03      2494
weighted avg       0.02      0.14      0.04      2494
