Test Accuracy: 92.62%

Confusion Matrix:
428, 0, 2, 0, 0, 0, 0, 0
2, 76, 42, 0, 1, 6, 0, 5
2, 0, 576, 0, 1, 1, 1, 1
20, 0, 1, 255, 6, 16, 0, 58
0, 0, 1, 0, 143, 0, 0, 1
0, 0, 0, 0, 0, 301, 0, 0
0, 0, 2, 0, 0, 0, 334, 0
6, 0, 0, 1, 8, 0, 0, 197

Classification Report:
              precision    recall  f1-score   support

           0       0.93      1.00      0.96       430
           1       1.00      0.58      0.73       132
           2       0.92      0.99      0.96       582
           3       1.00      0.72      0.83       356
           4       0.90      0.99      0.94       145
           5       0.93      1.00      0.96       301
           6       1.00      0.99      1.00       336
           7       0.75      0.93      0.83       212

    accuracy                           0.93      2494
   macro avg       0.93      0.90      0.90      2494
weighted avg       0.93      0.93      0.92      2494
