Test Accuracy: 37.40%

Confusion Matrix:
 73, 20, 10,  5, 10, 8, 5, 10
  2,  1,  2,  0,  1, 1, 0,  2
 10,  5, 10,  7,  6, 5, 4,  4
  8,  2,  3,  6,  4, 5, 4,  7
  0,  0,  0,  0,  0, 0, 0,  0
  0,  0,  0,  0,  0, 0, 0,  0
  0,  0,  0,  0,  0, 0, 0,  0
  1,  0,  1,  0,  1, 1, 0,  2

Classification Report:
              precision    recall  f1-score   support

           0       0.78      0.52      0.62       141
           1       0.04      0.11      0.05         9
           2       0.38      0.20      0.26        51
           3       0.33      0.15      0.21        39
           4       0.00      0.00      0.00         0
           5       0.00      0.00      0.00         0
           6       0.00      0.00      0.00         0
           7       0.08      0.33      0.13         6

    accuracy                           0.37       246
   macro avg       0.38      0.30      0.34       246
weighted avg       0.62      0.37      0.44       246

