Test Accuracy: 45.53%

Confusion Matrix:
102, 0, 19, 0, 8, 3, 7, 2
5, 0, 0, 0, 2, 0, 0, 2
34, 0, 9, 0, 0, 0, 4, 4
29, 0, 3, 0, 0, 1, 6, 0
0, 0, 0, 0, 0, 0, 0, 0
0, 0, 0, 0, 0, 0, 0, 0
0, 0, 0, 0, 0, 0, 0, 0
0, 0, 3, 0, 2, 0, 0, 1

Classification Report:
              precision    recall  f1-score   support

           0       0.60      0.72      0.66       141
           1       0.00      0.00      0.00         9
           2       0.26      0.18      0.21        51
           3       0.00      0.00      0.00        39
           4       0.00      0.00      0.00         0
           5       0.00      0.00      0.00         0
           6       0.00      0.00      0.00         0
           7       0.11      0.17      0.13         6

    accuracy                           0.46       246
   macro avg       0.12      0.13      0.13       246
weighted avg       0.40      0.46      0.42       246
