Test Accuracy: 25.20%

Confusion Matrix:
 50, 10, 15,  8,  5, 4, 20, 29
  2,  0,  1,  0,  1, 1,  1,  3
  5,  3,  8,  5,  4, 4,  7, 15
  4,  2,  3,  3,  4, 5,  6, 12
  0,  0,  0,  0,  0, 0,  0,  0
  0,  0,  0,  0,  0, 0,  0,  0
  0,  0,  0,  0,  0, 0,  0,  0
  2,  1,  1,  0,  0, 1,  0,  1


Classification Report:
              precision    recall  f1-score   support

           0       0.79      0.36      0.49       141
           1       0.00      0.00      0.00         9
           2       0.29      0.16      0.20        51
           3       0.19      0.08      0.11        39
           4       0.00      0.00      0.00         0
           5       0.00      0.00      0.00         0
           6       0.00      0.00      0.00         0
           7       0.02      0.17      0.03         6

    accuracy                           0.25       246
   macro avg       0.32      0.16      0.22       246
weighted avg       0.56      0.25      0.33       246

